50 7 5
54 7 12
58 7 10
62 14 14
66 16 10
70 11 12
75 13 26
80 30 23
85 39 25
90 46 36
96 28 40
102 49 41
108 63 59
114 74 56
121 62 81
128 66 85
135 76 103
143 145 127
151 105 137
160 172 201
169 153 212
179 186 230
189 269 245
200 279 274
211 324 367
223 384 431
235 471 512
248 510 552
261 545 713
275 690 827
290 789 1055
306 968 1164
322 1127 1414
339 1347 1669
357 1616 1844
376 1866 2149
396 2208 2657
417 2596 3043
439 3012 3964
462 3649 4688
486 4314 6125
511 4681 6933
538 5658 9096
566 6640 11558
595 7544 13459
626 9296 19120
658 10687 23604
692 12413 25574
728 14026 27808
765 16640 34270
804 19630 41410
845 22716 47376
888 25459 50720
933 31765 71155
981 38025 79388
1031 40909 91744
1342 93467 220469
1746 211214 501575
2271 457993 1062582
2954 1024504 2414430
